Delta-SCF
1s2 3s2
imaginary level shift = 0.5
[-8.53427239e+00 -5.04860152e+00  8.56062722e-04  1.62899507e-03
 -3.43993385e-04 -1.75550243e-04 -7.02087484e-05 -2.80448719e-05
 -7.68884039e-06 -1.73665382e-06 -1.88351650e-07  5.94448250e-08
  3.36832201e-08  8.33501941e-09  7.94523321e-10  4.24371635e-10
  8.28493911e-10  7.07238613e-10  3.91370941e-10  1.52735127e-10
  3.82351063e-11  1.43354477e-12 -4.23822775e-12 -2.40478860e-12
 -6.54679602e-13  7.30898536e-15  1.00075438e-13  4.95649438e-14
  8.77012410e-15 -4.55046387e-15 -4.65614557e-15 -2.16427396e-15
 -5.67736035e-16 -2.85753971e-18  8.06453296e-17  4.34601002e-17
  1.09499921e-17 -8.78632970e-19 -2.19987502e-18 -1.04072411e-18
 -1.97938002e-19  7.16966460e-20  7.79631789e-20  3.40372124e-20
  7.02588746e-21 -1.40678004e-21 -1.86273184e-21 -7.84922829e-22
 -1.23772464e-22  6.25884053e-23  5.56738592e-23  2.04637636e-23
  1.91608658e-24 -2.49843331e-24 -1.79085680e-24 -6.10675041e-25
 -4.89605866e-26  7.38181037e-26  4.95086454e-26  1.52876232e-26
  1.50022399e-28 -2.55602708e-27 -1.48658509e-27 -4.07920361e-28
  2.44095497e-29  8.52960469e-29  4.51454759e-29  1.13703152e-29
 -1.19005281e-30 -2.61641745e-30 -1.28610451e-30 -2.83287299e-31
  6.03413778e-32  8.37446180e-32  3.76588098e-32  7.12986609e-33
 -2.43073744e-33 -2.63680727e-33 -1.09782221e-33 -1.76141525e-34
  8.80111859e-35  8.07072697e-35  3.09909526e-35  3.77996858e-36
 -3.20991365e-36 -2.50122185e-36 -8.80240281e-37 -7.15350261e-38
  1.11839622e-37  7.67711346e-38  2.47304948e-38  8.89183453e-40
 -3.78145547e-39 -2.32575819e-39 -6.78107269e-40  1.53814019e-41
  1.27121835e-40  7.05068662e-41  1.84226791e-41 -1.69318515e-42]
[ -8.53427239 -13.58287391 -13.58201785 -13.58038886 -13.58073285
 -13.5809084  -13.58097861 -13.58100665 -13.58101434 -13.58101608
 -13.58101627 -13.58101621 -13.58101617 -13.58101617 -13.58101617
 -13.58101616 -13.58101616 -13.58101616 -13.58101616 -13.58101616
 -13.58101616 -13.58101616 -13.58101616 -13.58101616 -13.58101616
 -13.58101616 -13.58101616 -13.58101616 -13.58101616 -13.58101616
 -13.58101616 -13.58101616 -13.58101616 -13.58101616 -13.58101616
 -13.58101616 -13.58101616 -13.58101616 -13.58101616 -13.58101616
 -13.58101616 -13.58101616 -13.58101616 -13.58101616 -13.58101616
 -13.58101616 -13.58101616 -13.58101616 -13.58101616 -13.58101616
 -13.58101616 -13.58101616 -13.58101616 -13.58101616 -13.58101616
 -13.58101616 -13.58101616 -13.58101616 -13.58101616 -13.58101616
 -13.58101616 -13.58101616 -13.58101616 -13.58101616 -13.58101616
 -13.58101616 -13.58101616 -13.58101616 -13.58101616 -13.58101616
 -13.58101616 -13.58101616 -13.58101616 -13.58101616 -13.58101616
 -13.58101616 -13.58101616 -13.58101616 -13.58101616 -13.58101616
 -13.58101616 -13.58101616 -13.58101616 -13.58101616 -13.58101616
 -13.58101616 -13.58101616 -13.58101616 -13.58101616 -13.58101616
 -13.58101616 -13.58101616 -13.58101616 -13.58101616 -13.58101616
 -13.58101616 -13.58101616 -13.58101616 -13.58101616 -13.58101616]

2s2 3s2
1.4
[ 2.76917848e-01 -3.66512444e+00  1.36090860e-02 -3.50875240e-03
  2.86970042e-03  4.34636701e-04  7.89040379e-06 -4.52212382e-05
  1.35157004e-05  6.95915127e-05  7.33298524e-06 -4.89493750e-05
 -4.72315604e-05 -9.99195816e-06  1.94206053e-05  2.36439429e-05
  1.13298412e-05 -3.21411503e-06 -1.09798787e-05 -9.50952305e-06
 -2.05523538e-06  4.79655601e-06  6.25261505e-06  2.77124043e-06
 -1.60586342e-06 -3.43316171e-06 -2.23241934e-06  1.52776376e-07
  1.64066171e-06  1.47199149e-06  3.23402670e-07 -6.56220864e-07
 -8.35003772e-07 -3.70477294e-07  1.84159959e-07  4.12591820e-07
  2.76164869e-07  1.96743899e-09 -1.72516400e-07 -1.66551232e-07
 -5.19379718e-08  5.40191760e-08  8.47678213e-08  4.88814800e-08
 -5.00616244e-09 -3.55028812e-08 -3.21344348e-08 -9.79989253e-09
  1.04879977e-08  1.69349240e-08  1.06034015e-08 -7.61889469e-11
 -7.05532923e-09 -7.31904151e-09 -2.93772786e-09  1.86939165e-09
  3.97038449e-09  2.88961278e-09  2.93030034e-10 -1.69386772e-09
 -1.97117424e-09 -8.73560586e-10  4.64055176e-10  1.08521616e-09
  7.94031413e-10  6.25397518e-11 -4.84169617e-10 -5.35451519e-10
 -2.10486640e-10  1.53720736e-10  2.98640416e-10  1.95816007e-10
 -6.03776637e-12 -1.38529940e-10 -1.34553479e-10 -4.12656244e-11
  4.91167341e-11  7.66533507e-11  4.36365560e-11 -7.61310458e-12
 -3.66537786e-11 -3.15060902e-11 -7.10270980e-12  1.38117707e-11
  1.85166291e-11  9.37406698e-12 -2.87975211e-12 -9.10049499e-12
 -7.23054399e-12 -1.23557386e-12  3.55493053e-12  4.40594770e-12
  2.08503837e-12 -8.25637363e-13 -2.22631063e-12 -1.70537396e-12
 -2.41609067e-13  8.96777941e-13  1.07357853e-12  4.89601257e-13
 -2.23815986e-13 -5.57510575e-13 -4.16748439e-13 -4.81495351e-14
  2.32419777e-13  2.69144333e-13  1.16764511e-13 -6.32684720e-14
 -1.43356638e-13 -1.02916706e-13 -7.54934224e-15  6.19862976e-14
  6.80341322e-14  2.70933034e-14 -1.85406860e-14 -3.71164290e-14
 -2.50791853e-14 -3.24220424e-16  1.66122482e-14  1.70370858e-14
  6.03131956e-15 -5.39224526e-15 -9.52462032e-15 -6.00069329e-15
  3.49981808e-16  4.39874876e-15  4.21494776e-15  1.30123654e-15
 -1.52297445e-15 -2.41827216e-15 -1.42215126e-15  1.89305557e-16
  1.15002090e-15  1.03743848e-15  2.76071091e-16 -4.19579036e-16
 -6.11488304e-16 -3.37043643e-16  7.06870252e-17  2.99126467e-16
  2.55769855e-16  5.75914583e-17 -1.14269249e-16 -1.54883884e-16
 -8.00227760e-17  2.34265168e-17  7.78737104e-17  6.32310581e-17
  1.15471366e-17 -3.10379384e-17 -3.93274799e-17 -1.89376904e-17
  7.37793533e-18  2.03057663e-17  1.56259336e-17  2.12438882e-18
 -8.41849475e-18 -9.98547546e-18 -4.44032412e-18  2.25070862e-18
  5.29075696e-18  3.84800939e-18  3.25263105e-19 -2.27467153e-18
 -2.52959315e-18 -1.02833935e-18  6.68457921e-19  1.37490280e-18
  9.43432597e-19  2.70433201e-20 -6.11335587e-19 -6.39102172e-19
 -2.35039508e-19  1.94107944e-19  3.56319971e-19  2.30434232e-19
 -7.29499060e-21 -1.63506314e-19 -1.61153547e-19 -5.29372177e-20
  5.54110579e-20  9.21690086e-20  5.60968695e-20 -5.46703230e-21
 -4.35777026e-20 -4.05770695e-20 -1.16934763e-20  1.56263523e-20
  2.38094619e-20  1.36024374e-20 -2.32082248e-21 -1.15836899e-20
 -1.01998223e-20 -2.51068825e-21  4.36662241e-21  6.14175404e-21
  3.28086965e-21 -8.31655576e-22 -3.07139275e-21 -2.55801313e-21
 -5.16393896e-22  1.21083307e-21  1.58140820e-21  7.86029140e-22
 -2.74123364e-22 -8.12188364e-22 -6.39716874e-22 -9.91416739e-23
  3.33439840e-22  4.06345384e-22  1.86821794e-22 -8.58995384e-23
 -2.14191696e-22 -1.59491643e-22 -1.67558351e-23  9.12620944e-23
  1.04192694e-22  4.39898587e-23 -2.60224182e-23 -5.63447358e-23
 -3.96343681e-23 -2.04123540e-24  2.48472913e-23  2.66615066e-23
  1.02404455e-23 -7.69680990e-24 -1.47876427e-23 -9.81382725e-24
  6.44154529e-26  6.73447611e-24  6.80776796e-24  2.34943249e-24
 -2.23648561e-24 -3.87236967e-24 -2.41986980e-24  1.70002957e-25
  1.81793722e-24  1.73424660e-24  5.28802269e-25 -6.40948941e-25
 -1.01175380e-24 -5.93783832e-25  8.36826199e-26  4.88917768e-25
  4.40655155e-25  1.15974052e-25 -1.81642075e-25 -2.63735621e-25
 -1.44881438e-25  3.19199552e-26  1.31031278e-25  1.11653968e-25
  2.45154809e-26 -5.09988538e-26 -6.85877117e-26 -3.51207507e-26
  1.09119291e-26  3.50021041e-26  2.82064029e-26  4.89789791e-27
 -1.42064438e-26 -1.77952028e-26 -8.44892893e-27  3.50830146e-27
  9.32149877e-27  7.10255640e-27  8.87132660e-28 -3.93085687e-27
 -4.60601867e-27 -2.01412549e-27  1.08449367e-27  2.47527280e-27
  1.78212720e-27  1.29570388e-28 -1.08130553e-27 -1.18927899e-27
 -4.74848106e-28  3.26182748e-28  6.55473454e-28  4.45398768e-28
  7.24916317e-30 -2.95909835e-28 -3.06288606e-28 -1.10415120e-28
  9.61368478e-29  1.73106092e-28  1.10826382e-28 -5.02512021e-30
 -8.06017766e-29 -7.86704792e-29 -2.52261525e-29  2.78937014e-29
  4.55947900e-29  2.74399695e-29 -3.11050406e-30 -2.18617295e-29
 -2.01495349e-29 -5.63074079e-30  7.99232616e-30  1.19778249e-29
  6.75592183e-30 -1.27913971e-30 -5.90646963e-30 -5.14540475e-30
 -1.21695258e-30  2.26655874e-30  3.13839474e-30  1.65268900e-30
 -4.55093050e-31 -1.59000009e-30 -1.30975445e-30 -2.50733631e-31
  6.37246718e-31  8.20165423e-31  4.01284812e-31 -1.50192340e-31
 -4.26569673e-31 -3.32255544e-31 -4.77546212e-32  1.77843311e-31
  2.13769943e-31  9.65803871e-32 -4.73273832e-32 -1.14073156e-31
 -8.39734514e-32 -7.79344685e-33  4.93142901e-32  5.55674544e-32
  2.30005103e-32 -1.44515798e-32 -3.04114871e-32 -2.11373662e-32
 -8.02517734e-34  1.35968508e-32  1.44042799e-32  5.40716147e-33
 -4.31302717e-33 -8.08349310e-33 -5.29689813e-33  1.14806469e-34
  3.72985802e-33  3.72322405e-33  1.25067693e-33 -1.26493155e-33
 -2.14240979e-33 -1.32080902e-33  1.15205977e-34  1.01845550e-33
  9.59516191e-34  2.83243347e-34 -3.65889963e-34 -5.66202959e-34
 -3.27524470e-34  5.24400290e-35  2.76920497e-34  2.46506169e-34
  6.23381837e-35 -1.04650981e-34 -1.49218141e-34 -8.07063213e-35
  1.95479963e-35  7.50009805e-35  6.31202296e-35  1.31667796e-35
 -2.96519777e-35 -3.92152571e-35 -1.97434330e-35  6.63482999e-36
  2.02389132e-35  1.61057766e-35  2.60704851e-36 -8.33463076e-36
 -1.02770214e-35 -4.78924068e-36  2.13177988e-36  5.44257375e-36
  4.09407183e-36  4.59186074e-37 -2.32650737e-36 -2.68561627e-36
 -1.15015796e-36  6.60613898e-37  1.45877817e-36  1.03646776e-36
  6.09496609e-38 -6.45459477e-37 -6.99780184e-37 -2.72886098e-37
  1.99510406e-37  3.89760564e-37  2.61228675e-37  2.60854320e-40
 -1.78100753e-37 -1.81797113e-37 -6.37785872e-38  5.90979717e-38
  1.03818089e-37  6.55170189e-38 -4.08028423e-39 -4.89016329e-38
 -4.70842912e-38 -1.46224536e-38  1.72423036e-38  2.75705692e-38
  1.63423762e-38 -2.16250739e-39 -1.33667609e-38 -1.21555091e-38
 -3.26787810e-39  4.96932758e-39  7.30022784e-39  4.05141587e-39
 -8.54188932e-40 -3.63851141e-39 -3.12758787e-39 -7.04614625e-40
  1.41771524e-39  1.92732780e-39  9.97370999e-40 -2.99284834e-40
 -9.86592066e-40 -8.01864881e-40 -1.43918152e-40  4.00999828e-40
  5.07346066e-40  2.43551758e-40 -9.81813123e-41 -2.66542546e-40
 -2.04807786e-40 -2.68086416e-41  1.12583892e-40  1.33160152e-40
  5.89109401e-41 -3.08886391e-41 -7.17612875e-41 -5.20981579e-41
 -4.11203809e-42  3.14038699e-41  3.48455925e-41  1.40881742e-41
 -9.43912832e-42 -1.92562729e-41 -1.31941096e-41 -3.01156569e-43
  8.70920452e-42  9.09070462e-42  3.32240062e-42 -2.82308852e-42
 -5.15065175e-42 -3.32536109e-42  1.27524288e-43  2.40277117e-42
  2.36420689e-42  7.69851375e-43 -8.30417884e-43 -1.37340110e-42
 -8.33637891e-43  8.81820807e-44  6.59760779e-43  6.12861601e-43
  1.74330418e-43 -2.41041183e-43 -3.65093453e-43 -2.07741462e-43
  3.76017344e-44  1.80369955e-43  1.58331170e-43  3.82516325e-44
 -6.92042901e-44 -9.67604966e-44 -5.14204041e-44  1.36802235e-44
  4.91109791e-44  4.07587736e-44  8.01467429e-45 -1.96867852e-44
 -2.55673515e-44 -1.26294111e-44  4.59280517e-45  1.33210376e-44
  1.04528142e-44  1.55858007e-45 -5.55628512e-45 -6.73540574e-45
 -3.07404460e-45  1.46835748e-45  3.60023225e-45  2.66986670e-45
  2.62790658e-46 -1.55739910e-45 -1.76896588e-45 -7.40260483e-46
  4.54182289e-46  9.69676154e-46  6.78973500e-46  2.98117478e-47
 -4.33874651e-46 -4.63159331e-46 -1.75960884e-46  1.37158070e-46
  2.60305051e-46  1.71852568e-46 -2.63260812e-48 -1.20212754e-46
 -1.20882664e-46 -4.11548204e-47  4.06706705e-47  6.96532147e-47
  4.32708277e-47 -3.47617993e-48 -3.31419539e-47 -3.14468090e-47
 -9.42715256e-48  1.18867727e-47  1.85794926e-47  1.08322627e-47
 -1.65231811e-48 -9.09546007e-48 -8.15290144e-48 -2.09985236e-48
  3.43342411e-48  4.94062012e-48  2.69411102e-48 -6.29753463e-49
 -2.48562098e-48 -2.10620726e-48 -4.49461313e-49  9.82003813e-49
  1.30976947e-48  6.65105044e-49 -2.17113248e-49 -6.76591930e-49
 -5.42072794e-49 -9.04435489e-50  2.78516102e-49  3.46158755e-49
  1.62794170e-49 -7.06466264e-50 -1.83483266e-49 -1.38955969e-49
 -1.63093397e-50  7.84188465e-50  9.12041527e-50  3.94459020e-50
 -2.21342106e-50 -4.95817183e-50 -3.54676870e-50 -2.28128493e-51
  2.19381104e-50  2.39549287e-50  9.44270209e-51 -6.75124688e-51
 -1.33525501e-50 -9.01093989e-51 -6.21803828e-53  6.10216607e-51
  6.27174242e-51  2.22691170e-51 -2.01820176e-51 -3.58404006e-51
 -2.27771958e-51  1.27288357e-52  1.68854707e-51  1.63665042e-51
  5.15315977e-52 -5.93897930e-52 -9.58923291e-52 -5.72521194e-52
  7.17394046e-53  4.65028247e-52  4.25645002e-52  1.16298327e-52
 -1.72559822e-52 -2.55754134e-52 -1.43006769e-52  2.90323025e-53
  1.27508529e-52  1.10306049e-52  2.53490238e-53 -4.96125060e-53
 -6.79993003e-53 -3.54678305e-53  1.03286113e-53  3.48193593e-53
  2.84795040e-53  5.24498026e-54 -1.41372408e-53 -1.80233153e-53
 -8.72501553e-54  3.42800775e-54  9.47170797e-54  7.32403181e-54
  9.94657416e-55 -3.99752000e-54 -4.76221841e-54 -2.12596098e-54
  1.08906242e-54  2.56712235e-54  1.87557771e-54  1.57782321e-55
 -1.12274301e-54 -1.25433828e-54 -5.12166203e-55  3.35687470e-55
  6.93336007e-55  4.78127506e-55  1.35701889e-56 -3.13442479e-55
 -3.29326908e-55 -1.21689694e-55  1.01192119e-55  1.86626673e-55
  1.21283439e-55 -3.92193886e-57 -8.70325747e-56 -8.61812661e-56
 -2.84157231e-56  2.99845761e-56  5.00700098e-56  3.05980743e-56
 -3.03510426e-57 -2.40470015e-56 -2.24763693e-56 -6.48741190e-57
  8.76368051e-57  1.33901522e-56  7.67284731e-57 -1.33265198e-57
 -6.61400660e-57 -5.84129195e-57 -1.43634127e-57  2.53263791e-57
  3.56957585e-57  1.91098721e-57 -4.92631682e-58 -1.81147011e-57
 -1.51247616e-57 -3.04161914e-58  7.24994761e-58  9.48594221e-58
  4.72256879e-58 -1.67263331e-58 -4.94166730e-58 -3.90099790e-58
 -5.99904256e-59  2.05853035e-58  2.51291027e-58  1.15658506e-58
 -5.39614913e-59 -1.34302352e-58 -1.00198531e-58 -1.03577038e-59
  5.80351493e-59  6.63584850e-59  2.80249254e-59 -1.68214835e-59
 -3.63693811e-59 -2.56219733e-59 -1.26026151e-60  1.62588451e-59
  1.74670458e-59  6.70376573e-60 -5.11549215e-60 -9.81498568e-60
 -6.52029630e-60  6.27110422e-62  4.52932985e-60  4.58264529e-60
  1.57820015e-60 -1.52663595e-60 -2.63992134e-60 -1.65054441e-60
  1.22313339e-61  1.25530636e-60  1.19824609e-60  3.64024203e-61
 -4.48874398e-61 -7.07740671e-61 -4.15381911e-61  6.04951332e-62
  3.46274192e-61  3.12216459e-61  8.17045031e-62 -1.30392657e-61
 -1.89130984e-61 -1.03854155e-61  2.34709847e-62  9.51030364e-62
  8.10548153e-62  1.76444610e-62 -3.74962730e-62 -5.03813720e-62
 -2.57734279e-62  8.18511425e-63  2.60132403e-62  2.09619904e-62
  3.59147718e-63 -1.06899914e-62 -1.33782651e-62 -6.34163050e-63
  2.68668084e-63  7.08793742e-63  5.39902982e-63  6.59253837e-64
 -3.02493404e-63 -3.54116581e-63 -1.54478639e-63  8.47891304e-64
  1.92420555e-63  1.38453859e-63  9.60436286e-65 -8.50333888e-64
 -9.34316137e-64 -3.71806392e-64  2.60270673e-64  5.20539969e-64
  3.53386627e-64  4.36077656e-66 -2.37631135e-64 -2.45706673e-64
 -8.81789575e-65  7.82550606e-65  1.40339121e-64  8.97360472e-65
 -4.48287677e-66 -6.60544423e-65 -6.43990115e-65 -2.05269500e-65
  2.31515802e-65  3.77106673e-65  2.26584035e-65 -2.69097438e-66
 -1.82718835e-65 -1.68202513e-65 -4.66297547e-66  6.76065274e-66
  1.01003891e-65  5.68534177e-66 -1.11258627e-66 -5.03162408e-66
 -4.37739283e-66 -1.02407499e-66  1.95302844e-66  2.69660735e-66
  1.41643486e-66 -4.00698595e-67 -1.37977461e-66 -1.13488546e-66
 -2.13917259e-67  5.59060553e-67  7.17646424e-67  3.50026675e-67
 -1.34155775e-67 -3.76869226e-67 -2.93054381e-67 -4.11350457e-68
  1.58775767e-67  1.90376976e-67  8.56819461e-68 -4.29191140e-68
 -1.02551799e-67 -7.53510815e-68 -6.70440427e-69  4.47823039e-68
  5.03405173e-68  2.07391835e-68 -1.33083053e-68 -2.78058773e-68
 -1.92857317e-68 -6.47915262e-70  1.25532900e-68  1.32677909e-68
  4.95177141e-69 -4.03311602e-69 -7.51323045e-69 -4.91153714e-69
  1.30999575e-70  3.49947251e-69  3.48517924e-69  1.16230583e-69
 -1.20088591e-69 -2.02328419e-69 -1.24401022e-69  1.15646634e-70
  9.70633281e-70  9.12333620e-70  2.66869779e-70 -3.52578148e-70
 -5.43073865e-70 -3.13181887e-70  5.22206396e-71  2.67971701e-70
  2.37973281e-70  5.94719501e-71 -1.02328168e-70 -1.45296096e-70
 -7.83090309e-71  1.95724778e-71  7.36623495e-71  6.18412538e-71
  1.26954453e-71 -2.94117298e-71 -3.87483509e-71 -1.94294207e-71
  6.70611434e-72  2.01669839e-71  1.60072608e-71  2.53217548e-72
 -8.38363650e-72 -1.03004995e-71 -4.77763835e-72  2.17850919e-72
  5.50008807e-72  4.12608319e-72  4.45824693e-73 -2.37242696e-72
 -2.72936171e-72 -1.16246358e-72  6.83011860e-73  1.49454256e-72
  1.05879362e-72  5.73889393e-74 -6.67057930e-73 -7.20848205e-73
 -2.79270374e-73  2.08747374e-73  4.04686013e-73  2.70382464e-73
 -1.13136855e-75 -1.86479865e-73 -1.89748517e-73 -6.60469062e-74
  6.25784397e-74  1.09206200e-73  6.86823940e-74 -4.68074580e-75
 -5.18595815e-74 -4.97766553e-74 -1.53103590e-74  1.84763684e-74
  2.93718686e-74  1.73449313e-74 -2.41145980e-75 -1.43529763e-74
 -1.30117163e-74 -3.45592163e-75  5.38805767e-75  7.87401332e-75
  4.35173073e-75 -9.51127479e-76 -3.95479044e-75 -3.38875510e-75
 -7.51475700e-76  1.55512117e-75  2.10404940e-75  1.08377304e-75
 -3.34969721e-76 -1.08517143e-75 -8.79148073e-76 -1.54383751e-76
  4.44915330e-76  5.60423219e-76  2.67621782e-76 -1.10731264e-76
 -2.96598257e-76 -2.27144019e-76 -2.87637241e-77  1.26321971e-76
  1.48789507e-76  6.54313070e-77 -3.51436437e-77 -8.07638764e-77
 -5.84301929e-77 -4.33598451e-78  3.56257122e-77  3.93740766e-77
  1.58086906e-77 -1.08396949e-77 -2.19134520e-77 -1.49596968e-77
 -2.62793058e-79  9.98719333e-78  1.03849928e-77  3.76448737e-78
 -3.27303909e-78 -5.92518949e-78 -3.81046127e-78  1.68606764e-79
  2.78463632e-78  2.72976274e-78  8.80202099e-79 -9.72076902e-79
 -1.59673120e-78 -9.65117064e-79  1.08531049e-79  7.72575000e-79
  7.15022898e-79  2.00949870e-79 -2.84884103e-79 -4.28872870e-79
 -2.42915540e-79  4.58203001e-80  2.13365596e-79  1.86608656e-79
  4.43964302e-80 -8.25761330e-80 -1.14818327e-79 -6.07098097e-80
  1.66864440e-80  5.86751341e-80  4.85161115e-80  9.34648275e-81
 -2.37135838e-80 -3.06399843e-80 -1.50505556e-80  5.62856479e-81
  1.60708794e-80  1.25629275e-80  1.81856601e-81 -6.75545203e-81
 -8.15003967e-81 -3.69631754e-81  1.81099528e-81  4.38501064e-81
  3.23917348e-81  3.03370138e-82 -1.91098719e-81 -2.16079876e-81
 -8.97758213e-82  5.64203801e-82  1.19211891e-81  8.31340878e-82
  3.21199035e-83 -5.37213218e-82 -5.70994590e-82 -2.15131868e-82
  1.71684129e-82  3.22956579e-82  2.12304077e-82 -4.49787507e-84
 -1.50172977e-82 -1.50377186e-82 -5.06962289e-83  5.13079340e-83
  8.71944976e-83  5.39220592e-83 -4.68706144e-84 -4.17648747e-83
 -3.94659106e-83 -1.16916778e-83  1.51147355e-83  2.34632166e-83
  1.36128703e-83 -2.17814908e-84 -1.15606442e-83 -1.03204340e-83
 -2.61915101e-84  4.40052519e-84  6.29306207e-84  3.41343096e-84
 -8.27140240e-85 -3.18602360e-84 -2.68869013e-84 -5.62848510e-85
  1.26857908e-84  1.68238316e-84  8.49356200e-85 -2.85716899e-85
 -8.74440709e-85 -6.97694784e-85 -1.13345072e-85  3.62623247e-85
  4.48310579e-85  2.09474275e-85 -9.33668521e-86 -2.39068747e-85
 -1.80288440e-85 -2.02983949e-86  1.02894374e-85  1.19074121e-85
  5.11255523e-86 -2.94112016e-86 -6.51185556e-86 -4.63789240e-86
 -2.73979846e-87  2.90064940e-86  3.15227053e-86  1.23226382e-86
 -9.02494057e-87 -1.76741743e-86 -1.18732164e-86 -1.30610175e-89
  8.12942684e-87  8.31707155e-87  2.92461745e-87 -2.71507422e-87
 -4.78052138e-87 -3.02357383e-87  1.88533704e-88  2.26632065e-87]
[ 0.27691785 -3.3882066  -3.37459751 -3.37810626 -3.37523656 -3.37480192
 -3.37479403 -3.37483926 -3.37482574 -3.37475615 -3.37474882 -3.37479776
 -3.374845   -3.37485499 -3.37483557 -3.37481192 -3.37480059 -3.37480381
 -3.37481479 -3.3748243  -3.37482635 -3.37482156 -3.3748153  -3.37481253
 -3.37481414 -3.37481757 -3.3748198  -3.37481965 -3.37481801 -3.37481654
 -3.37481621 -3.37481687 -3.37481771 -3.37481808 -3.37481789 -3.37481748
 -3.3748172  -3.3748172  -3.37481737 -3.37481754 -3.37481759 -3.37481754
 -3.37481745 -3.3748174  -3.37481741 -3.37481745 -3.37481748 -3.37481749
 -3.37481748 -3.37481746 -3.37481745 -3.37481745 -3.37481746 -3.37481746
 -3.37481747 -3.37481746 -3.37481746 -3.37481746 -3.37481746 -3.37481746
 -3.37481746 -3.37481746 -3.37481746 -3.37481746 -3.37481746 -3.37481746
 -3.37481746 -3.37481746 -3.37481746 -3.37481746 -3.37481746 -3.37481746
 -3.37481746 -3.37481746 -3.37481746 -3.37481746 -3.37481746 -3.37481746
 -3.37481746 -3.37481746 -3.37481746 -3.37481746 -3.37481746 -3.37481746
 -3.37481746 -3.37481746 -3.37481746 -3.37481746 -3.37481746 -3.37481746
 -3.37481746 -3.37481746 -3.37481746 -3.37481746 -3.37481746 -3.37481746
 -3.37481746 -3.37481746 -3.37481746 -3.37481746 -3.37481746 -3.37481746
 -3.37481746 -3.37481746 -3.37481746 -3.37481746 -3.37481746 -3.37481746
 -3.37481746 -3.37481746 -3.37481746 -3.37481746 -3.37481746 -3.37481746
 -3.37481746 -3.37481746 -3.37481746 -3.37481746 -3.37481746 -3.37481746
 -3.37481746 -3.37481746 -3.37481746 -3.37481746 -3.37481746 -3.37481746
 -3.37481746 -3.37481746 -3.37481746 -3.37481746 -3.37481746 -3.37481746
 -3.37481746 -3.37481746 -3.37481746 -3.37481746 -3.37481746 -3.37481746
 -3.37481746 -3.37481746 -3.37481746 -3.37481746 -3.37481746 -3.37481746
 -3.37481746 -3.37481746 -3.37481746 -3.37481746 -3.37481746 -3.37481746
 -3.37481746 -3.37481746 -3.37481746 -3.37481746 -3.37481746 -3.37481746
 -3.37481746 -3.37481746 -3.37481746 -3.37481746 -3.37481746 -3.37481746
 -3.37481746 -3.37481746 -3.37481746 -3.37481746 -3.37481746 -3.37481746
 -3.37481746 -3.37481746 -3.37481746 -3.37481746 -3.37481746 -3.37481746
 -3.37481746 -3.37481746 -3.37481746 -3.37481746 -3.37481746 -3.37481746
 -3.37481746 -3.37481746 -3.37481746 -3.37481746 -3.37481746 -3.37481746
 -3.37481746 -3.37481746 -3.37481746 -3.37481746 -3.37481746 -3.37481746
 -3.37481746 -3.37481746 -3.37481746 -3.37481746 -3.37481746 -3.37481746
 -3.37481746 -3.37481746 -3.37481746 -3.37481746 -3.37481746 -3.37481746
 -3.37481746 -3.37481746 -3.37481746 -3.37481746 -3.37481746 -3.37481746
 -3.37481746 -3.37481746 -3.37481746 -3.37481746 -3.37481746 -3.37481746
 -3.37481746 -3.37481746 -3.37481746 -3.37481746 -3.37481746 -3.37481746
 -3.37481746 -3.37481746 -3.37481746 -3.37481746 -3.37481746 -3.37481746
 -3.37481746 -3.37481746 -3.37481746 -3.37481746 -3.37481746 -3.37481746
 -3.37481746 -3.37481746 -3.37481746 -3.37481746 -3.37481746 -3.37481746
 -3.37481746 -3.37481746 -3.37481746 -3.37481746 -3.37481746 -3.37481746
 -3.37481746 -3.37481746 -3.37481746 -3.37481746 -3.37481746 -3.37481746
 -3.37481746 -3.37481746 -3.37481746 -3.37481746 -3.37481746 -3.37481746
 -3.37481746 -3.37481746 -3.37481746 -3.37481746 -3.37481746 -3.37481746
 -3.37481746 -3.37481746 -3.37481746 -3.37481746 -3.37481746 -3.37481746
 -3.37481746 -3.37481746 -3.37481746 -3.37481746 -3.37481746 -3.37481746
 -3.37481746 -3.37481746 -3.37481746 -3.37481746 -3.37481746 -3.37481746
 -3.37481746 -3.37481746 -3.37481746 -3.37481746 -3.37481746 -3.37481746
 -3.37481746 -3.37481746 -3.37481746 -3.37481746 -3.37481746 -3.37481746
 -3.37481746 -3.37481746 -3.37481746 -3.37481746 -3.37481746 -3.37481746
 -3.37481746 -3.37481746 -3.37481746 -3.37481746 -3.37481746 -3.37481746
 -3.37481746 -3.37481746 -3.37481746 -3.37481746 -3.37481746 -3.37481746
 -3.37481746 -3.37481746 -3.37481746 -3.37481746 -3.37481746 -3.37481746
 -3.37481746 -3.37481746 -3.37481746 -3.37481746 -3.37481746 -3.37481746
 -3.37481746 -3.37481746 -3.37481746 -3.37481746 -3.37481746 -3.37481746
 -3.37481746 -3.37481746 -3.37481746 -3.37481746 -3.37481746 -3.37481746
 -3.37481746 -3.37481746 -3.37481746 -3.37481746 -3.37481746 -3.37481746
 -3.37481746 -3.37481746 -3.37481746 -3.37481746 -3.37481746 -3.37481746
 -3.37481746 -3.37481746 -3.37481746 -3.37481746 -3.37481746 -3.37481746
 -3.37481746 -3.37481746 -3.37481746 -3.37481746 -3.37481746 -3.37481746
 -3.37481746 -3.37481746 -3.37481746 -3.37481746 -3.37481746 -3.37481746
 -3.37481746 -3.37481746 -3.37481746 -3.37481746 -3.37481746 -3.37481746
 -3.37481746 -3.37481746 -3.37481746 -3.37481746 -3.37481746 -3.37481746
 -3.37481746 -3.37481746 -3.37481746 -3.37481746 -3.37481746 -3.37481746
 -3.37481746 -3.37481746 -3.37481746 -3.37481746 -3.37481746 -3.37481746
 -3.37481746 -3.37481746 -3.37481746 -3.37481746 -3.37481746 -3.37481746
 -3.37481746 -3.37481746 -3.37481746 -3.37481746 -3.37481746 -3.37481746
 -3.37481746 -3.37481746 -3.37481746 -3.37481746 -3.37481746 -3.37481746
 -3.37481746 -3.37481746 -3.37481746 -3.37481746 -3.37481746 -3.37481746
 -3.37481746 -3.37481746 -3.37481746 -3.37481746 -3.37481746 -3.37481746
 -3.37481746 -3.37481746 -3.37481746 -3.37481746 -3.37481746 -3.37481746
 -3.37481746 -3.37481746 -3.37481746 -3.37481746 -3.37481746 -3.37481746
 -3.37481746 -3.37481746 -3.37481746 -3.37481746 -3.37481746 -3.37481746
 -3.37481746 -3.37481746 -3.37481746 -3.37481746 -3.37481746 -3.37481746
 -3.37481746 -3.37481746 -3.37481746 -3.37481746 -3.37481746 -3.37481746
 -3.37481746 -3.37481746 -3.37481746 -3.37481746 -3.37481746 -3.37481746
 -3.37481746 -3.37481746 -3.37481746 -3.37481746 -3.37481746 -3.37481746
 -3.37481746 -3.37481746 -3.37481746 -3.37481746 -3.37481746 -3.37481746
 -3.37481746 -3.37481746 -3.37481746 -3.37481746 -3.37481746 -3.37481746
 -3.37481746 -3.37481746 -3.37481746 -3.37481746 -3.37481746 -3.37481746
 -3.37481746 -3.37481746 -3.37481746 -3.37481746 -3.37481746 -3.37481746
 -3.37481746 -3.37481746 -3.37481746 -3.37481746 -3.37481746 -3.37481746
 -3.37481746 -3.37481746 -3.37481746 -3.37481746 -3.37481746 -3.37481746
 -3.37481746 -3.37481746 -3.37481746 -3.37481746 -3.37481746 -3.37481746
 -3.37481746 -3.37481746 -3.37481746 -3.37481746 -3.37481746 -3.37481746
 -3.37481746 -3.37481746 -3.37481746 -3.37481746 -3.37481746 -3.37481746
 -3.37481746 -3.37481746 -3.37481746 -3.37481746 -3.37481746 -3.37481746
 -3.37481746 -3.37481746 -3.37481746 -3.37481746 -3.37481746 -3.37481746
 -3.37481746 -3.37481746 -3.37481746 -3.37481746 -3.37481746 -3.37481746
 -3.37481746 -3.37481746 -3.37481746 -3.37481746 -3.37481746 -3.37481746
 -3.37481746 -3.37481746 -3.37481746 -3.37481746 -3.37481746 -3.37481746
 -3.37481746 -3.37481746 -3.37481746 -3.37481746 -3.37481746 -3.37481746
 -3.37481746 -3.37481746 -3.37481746 -3.37481746 -3.37481746 -3.37481746
 -3.37481746 -3.37481746 -3.37481746 -3.37481746 -3.37481746 -3.37481746
 -3.37481746 -3.37481746 -3.37481746 -3.37481746 -3.37481746 -3.37481746
 -3.37481746 -3.37481746 -3.37481746 -3.37481746 -3.37481746 -3.37481746
 -3.37481746 -3.37481746 -3.37481746 -3.37481746 -3.37481746 -3.37481746
 -3.37481746 -3.37481746 -3.37481746 -3.37481746 -3.37481746 -3.37481746
 -3.37481746 -3.37481746 -3.37481746 -3.37481746 -3.37481746 -3.37481746
 -3.37481746 -3.37481746 -3.37481746 -3.37481746 -3.37481746 -3.37481746
 -3.37481746 -3.37481746 -3.37481746 -3.37481746 -3.37481746 -3.37481746
 -3.37481746 -3.37481746 -3.37481746 -3.37481746 -3.37481746 -3.37481746
 -3.37481746 -3.37481746 -3.37481746 -3.37481746 -3.37481746 -3.37481746
 -3.37481746 -3.37481746 -3.37481746 -3.37481746 -3.37481746 -3.37481746
 -3.37481746 -3.37481746 -3.37481746 -3.37481746 -3.37481746 -3.37481746
 -3.37481746 -3.37481746 -3.37481746 -3.37481746 -3.37481746 -3.37481746
 -3.37481746 -3.37481746 -3.37481746 -3.37481746 -3.37481746 -3.37481746
 -3.37481746 -3.37481746 -3.37481746 -3.37481746 -3.37481746 -3.37481746
 -3.37481746 -3.37481746 -3.37481746 -3.37481746 -3.37481746 -3.37481746
 -3.37481746 -3.37481746 -3.37481746 -3.37481746 -3.37481746 -3.37481746
 -3.37481746 -3.37481746 -3.37481746 -3.37481746 -3.37481746 -3.37481746
 -3.37481746 -3.37481746 -3.37481746 -3.37481746 -3.37481746 -3.37481746
 -3.37481746 -3.37481746 -3.37481746 -3.37481746 -3.37481746 -3.37481746
 -3.37481746 -3.37481746 -3.37481746 -3.37481746 -3.37481746 -3.37481746
 -3.37481746 -3.37481746 -3.37481746 -3.37481746 -3.37481746 -3.37481746
 -3.37481746 -3.37481746 -3.37481746 -3.37481746 -3.37481746 -3.37481746
 -3.37481746 -3.37481746 -3.37481746 -3.37481746 -3.37481746 -3.37481746
 -3.37481746 -3.37481746 -3.37481746 -3.37481746 -3.37481746 -3.37481746
 -3.37481746 -3.37481746 -3.37481746 -3.37481746 -3.37481746 -3.37481746
 -3.37481746 -3.37481746 -3.37481746 -3.37481746 -3.37481746 -3.37481746
 -3.37481746 -3.37481746 -3.37481746 -3.37481746 -3.37481746 -3.37481746
 -3.37481746 -3.37481746 -3.37481746 -3.37481746 -3.37481746 -3.37481746
 -3.37481746 -3.37481746 -3.37481746 -3.37481746 -3.37481746 -3.37481746
 -3.37481746 -3.37481746 -3.37481746 -3.37481746 -3.37481746 -3.37481746
 -3.37481746 -3.37481746 -3.37481746 -3.37481746 -3.37481746 -3.37481746
 -3.37481746 -3.37481746 -3.37481746 -3.37481746 -3.37481746 -3.37481746
 -3.37481746 -3.37481746 -3.37481746 -3.37481746 -3.37481746 -3.37481746
 -3.37481746 -3.37481746 -3.37481746 -3.37481746 -3.37481746 -3.37481746
 -3.37481746 -3.37481746 -3.37481746 -3.37481746 -3.37481746 -3.37481746
 -3.37481746 -3.37481746 -3.37481746 -3.37481746 -3.37481746 -3.37481746
 -3.37481746 -3.37481746 -3.37481746 -3.37481746 -3.37481746 -3.37481746
 -3.37481746 -3.37481746 -3.37481746 -3.37481746 -3.37481746 -3.37481746
 -3.37481746 -3.37481746 -3.37481746 -3.37481746 -3.37481746 -3.37481746
 -3.37481746 -3.37481746 -3.37481746 -3.37481746 -3.37481746 -3.37481746
 -3.37481746 -3.37481746 -3.37481746 -3.37481746 -3.37481746 -3.37481746
 -3.37481746 -3.37481746 -3.37481746 -3.37481746 -3.37481746 -3.37481746
 -3.37481746 -3.37481746 -3.37481746 -3.37481746 -3.37481746 -3.37481746
 -3.37481746 -3.37481746 -3.37481746 -3.37481746 -3.37481746 -3.37481746
 -3.37481746 -3.37481746 -3.37481746 -3.37481746 -3.37481746 -3.37481746
 -3.37481746 -3.37481746 -3.37481746 -3.37481746 -3.37481746 -3.37481746
 -3.37481746 -3.37481746 -3.37481746 -3.37481746 -3.37481746 -3.37481746
 -3.37481746 -3.37481746 -3.37481746 -3.37481746 -3.37481746 -3.37481746
 -3.37481746 -3.37481746 -3.37481746 -3.37481746 -3.37481746 -3.37481746
 -3.37481746 -3.37481746 -3.37481746 -3.37481746 -3.37481746 -3.37481746
 -3.37481746 -3.37481746 -3.37481746 -3.37481746 -3.37481746 -3.37481746
 -3.37481746 -3.37481746 -3.37481746 -3.37481746 -3.37481746 -3.37481746
 -3.37481746 -3.37481746 -3.37481746 -3.37481746 -3.37481746 -3.37481746
 -3.37481746 -3.37481746 -3.37481746 -3.37481746 -3.37481746 -3.37481746
 -3.37481746 -3.37481746 -3.37481746 -3.37481746 -3.37481746 -3.37481746
 -3.37481746 -3.37481746 -3.37481746 -3.37481746 -3.37481746 -3.37481746
 -3.37481746 -3.37481746 -3.37481746 -3.37481746 -3.37481746 -3.37481746
 -3.37481746 -3.37481746 -3.37481746 -3.37481746 -3.37481746 -3.37481746
