converged SCF energy = -1.12675531719693
ENPT for H2 at eqn. bond length 0.74
Double excited state no:
1
Epstein-Nesbet partitioning:
Energy corrections:
[ 2.96140935e-03  0.00000000e+00 -5.09561581e-02  4.00237721e-03
  4.64258260e-03 -9.13206018e-04 -6.38616566e-04  2.40571487e-04
  9.66500783e-05 -6.10207164e-05 -1.25867941e-05  1.58325488e-05
  1.19150860e-06 -3.75113424e-06  3.07368713e-07  9.63957632e-07
 -1.57678905e-07 -1.97444562e-07  8.47642566e-08  5.17975487e-08
 -2.21719588e-08 -6.40532125e-09  9.60270129e-09  2.19734756e-09
 -1.81201845e-09  3.29026770e-10  8.84001908e-10  5.83022795e-11
 -8.53651540e-11  1.00381021e-10  7.58810280e-11  2.43717958e-12
  3.85345985e-12  1.47457155e-11  6.84438417e-12  1.07399111e-12
  1.76838875e-12  1.85955568e-12  7.37948145e-13  2.98275636e-13
  3.27621747e-13  2.30236923e-13  9.82738338e-14  5.94344766e-14
  5.00448833e-14  2.96885616e-14  1.47732517e-14  1.00534388e-14
  7.16512808e-15  4.04711635e-15  2.28623396e-15  1.55951266e-15
  1.00895290e-15  5.75327208e-16  3.49330464e-16  2.30946719e-16
  1.42353120e-16  8.34423967e-17  5.21680378e-17  3.33767537e-17
  2.01990058e-17  1.21372369e-17  7.62519899e-18  4.76142758e-18
  2.87354188e-18  1.75338743e-18  1.09518819e-18  6.73694900e-19
  4.07806617e-19  2.50441352e-19  1.55061269e-19  9.46156152e-20
  5.74690859e-20  3.53017489e-20  2.16756245e-20  1.31713117e-20
  8.01235593e-21  4.90563907e-21  2.99122981e-21  1.81288489e-21
  1.10181264e-21  6.71181350e-22  4.06867408e-22  2.45919773e-22
  1.48989866e-22  9.02131451e-23  5.43859533e-23  3.27463116e-23
  1.97365726e-23  1.18682915e-23  7.11118501e-24  4.25744845e-24
  2.54738002e-24  1.51916990e-24  9.03109212e-25  5.36173278e-25
  3.17597150e-25  1.87342976e-25  1.10123655e-25  6.45564184e-26]
ENn
[ 0.00296141  0.00296141 -0.04799475 -0.04399237 -0.03934979 -0.04026299
 -0.04090161 -0.04066104 -0.04056439 -0.04062541 -0.040638   -0.04062216
 -0.04062097 -0.04062472 -0.04062442 -0.04062345 -0.04062361 -0.04062381
 -0.04062372 -0.04062367 -0.04062369 -0.0406237  -0.04062369 -0.04062369
 -0.04062369 -0.04062369 -0.04062369 -0.04062369 -0.04062369 -0.04062369
 -0.04062369 -0.04062369 -0.04062369 -0.04062369 -0.04062369 -0.04062369
 -0.04062369 -0.04062369 -0.04062369 -0.04062369 -0.04062369 -0.04062369
 -0.04062369 -0.04062369 -0.04062369 -0.04062369 -0.04062369 -0.04062369
 -0.04062369 -0.04062369 -0.04062369 -0.04062369 -0.04062369 -0.04062369
 -0.04062369 -0.04062369 -0.04062369 -0.04062369 -0.04062369 -0.04062369
 -0.04062369 -0.04062369 -0.04062369 -0.04062369 -0.04062369 -0.04062369
 -0.04062369 -0.04062369 -0.04062369 -0.04062369 -0.04062369 -0.04062369
 -0.04062369 -0.04062369 -0.04062369 -0.04062369 -0.04062369 -0.04062369
 -0.04062369 -0.04062369 -0.04062369 -0.04062369 -0.04062369 -0.04062369
 -0.04062369 -0.04062369 -0.04062369 -0.04062369 -0.04062369 -0.04062369
 -0.04062369 -0.04062369 -0.04062369 -0.04062369 -0.04062369 -0.04062369
 -0.04062369 -0.04062369 -0.04062369 -0.04062369]
Moller-Plesset partitioning:
Energy corrections:
[ 4.76945566e-01 -4.73984157e-01 -3.67611563e-02 -8.02280214e-03
 -1.41016849e-04  8.34613551e-04  4.18987042e-04  9.97018526e-05
 -1.88800256e-06 -1.05018655e-05 -2.85547348e-06  7.44434509e-07
  8.63632196e-07  2.77610638e-07 -1.63148829e-08 -5.26864732e-08
 -1.92490285e-08  2.40083008e-09  6.43667742e-09  4.25658154e-09
  2.24074939e-09  1.41361462e-09  1.15043084e-09  9.82245462e-10
  7.97325395e-10  6.20758147e-10  4.77670400e-10  3.69527563e-10
  2.87844399e-10  2.24784211e-10  1.75437465e-10  1.36771225e-10
  1.06574555e-10  8.30488703e-11  6.47282374e-11  5.04540085e-11
  3.93276321e-11  3.06539599e-11  2.38927862e-11  1.86228273e-11
  1.45152976e-11  1.13137685e-11  8.81837223e-12  6.87335493e-12
  5.35732934e-12  4.17568139e-12  3.25466217e-12  2.53678721e-12
  1.97725047e-12  1.54112846e-12  1.20120048e-12  9.36249622e-13
  7.29738610e-13  5.68777628e-13  4.43319869e-13  3.45534485e-13
  2.69317830e-13  2.09912512e-13  1.63610455e-13  1.27521464e-13
  9.93928254e-14  7.74687043e-14  6.03805489e-14  4.70616696e-14
  3.66806577e-14  2.85894898e-14  2.22830794e-14  1.73677483e-14
  1.35366542e-14  1.05506366e-14  8.22328801e-15  6.40931840e-15
  4.99548548e-15  3.89352587e-15  3.03464530e-15  2.36522422e-15
  1.84347056e-15  1.43681087e-15  1.11985685e-15  8.72820476e-16
  6.80278663e-16  5.30210448e-16  4.13246536e-16  3.22084385e-16
  2.51032313e-16  1.95654163e-16  1.52492353e-16  1.18852014e-16
  9.26327456e-17  7.21974792e-17  5.62702753e-17  4.38566600e-17
  3.41815360e-17  2.66407903e-17  2.07635755e-17  1.61829125e-17
  1.26127776e-17  9.83024404e-18  7.66156282e-18  5.97131446e-18]
MPn
[ 0.47694557  0.00296141 -0.03379975 -0.04182255 -0.04196357 -0.04112895
 -0.04070997 -0.04061026 -0.04061215 -0.04062265 -0.04062551 -0.04062476
 -0.0406239  -0.04062362 -0.04062364 -0.04062369 -0.04062371 -0.04062371
 -0.0406237  -0.0406237  -0.0406237  -0.04062369 -0.04062369 -0.04062369
 -0.04062369 -0.04062369 -0.04062369 -0.04062369 -0.04062369 -0.04062369
 -0.04062369 -0.04062369 -0.04062369 -0.04062369 -0.04062369 -0.04062369
 -0.04062369 -0.04062369 -0.04062369 -0.04062369 -0.04062369 -0.04062369
 -0.04062369 -0.04062369 -0.04062369 -0.04062369 -0.04062369 -0.04062369
 -0.04062369 -0.04062369 -0.04062369 -0.04062369 -0.04062369 -0.04062369
 -0.04062369 -0.04062369 -0.04062369 -0.04062369 -0.04062369 -0.04062369
 -0.04062369 -0.04062369 -0.04062369 -0.04062369 -0.04062369 -0.04062369
 -0.04062369 -0.04062369 -0.04062369 -0.04062369 -0.04062369 -0.04062369
 -0.04062369 -0.04062369 -0.04062369 -0.04062369 -0.04062369 -0.04062369
 -0.04062369 -0.04062369 -0.04062369 -0.04062369 -0.04062369 -0.04062369
 -0.04062369 -0.04062369 -0.04062369 -0.04062369 -0.04062369 -0.04062369
 -0.04062369 -0.04062369 -0.04062369 -0.04062369 -0.04062369 -0.04062369
 -0.04062369 -0.04062369 -0.04062369 -0.04062369]
[-1.15167254 -0.75691515 -0.58907748 -0.2917923  -0.10436648 -0.04062369
  0.22159589  0.26644084  0.32568917  0.60806136  0.7600206   0.81826124
  0.95445094  1.20071808  1.4676407   1.9276983 ]

ENPT for H2 at eqn. bond length 0.74
Double excited state no:
2
Epstein-Nesbet partitioning:
Energy corrections:
[ 8.19019683e-001  0.00000000e+000 -5.65115264e-003  4.39186986e-002
 -5.43156942e-001  6.82196710e+000 -8.50418100e+001  1.05458902e+003
 -1.30085195e+004  1.59581666e+005 -1.94645239e+006  2.35984137e+007
 -2.84279589e+008  3.40129992e+009 -4.03972457e+010  4.75975576e+011
 -5.55896105e+012  6.42891050e+013 -7.35275452e+014  8.30215063e+015
 -9.23342238e+016  1.00828296e+018 -1.07608316e+019  1.11452400e+020
 -1.10731841e+021  1.03318687e+022 -8.64817796e+022  5.67730947e+023
 -9.90788028e+023 -5.93554309e+025  1.57326324e+027 -2.91470767e+028
  4.70458049e+029 -7.04139536e+030  1.00342391e+032 -1.38000239e+033
  1.84586377e+034 -2.41252313e+035  3.08986909e+036 -3.88451305e+037
  4.79750007e+038 -5.82121538e+039  6.93529475e+040 -8.10132240e+041
  9.25608017e+042 -1.03031005e+044  1.11022786e+045 -1.14573260e+046
  1.11009055e+047 -9.67739521e+047  6.72340024e+048 -1.64638871e+049
 -6.29779555e+050  1.80272705e+052 -3.46543174e+053  5.75005155e+054
 -8.81026414e+055  1.28203588e+057 -1.79720567e+058  2.44680404e+059
 -3.25108766e+060  4.22856599e+061 -5.39342982e+062  6.75188895e+063
 -8.29711331e+064  1.00024181e+066 -1.18122805e+067  1.36307285e+068
 -1.53066091e+069  1.66152327e+070 -1.72359215e+071  1.67250779e+072
 -1.44845642e+073  9.72548107e+073 -1.42789113e+074 -1.17022840e+076
  3.12770015e+077 -5.92669412e+078  9.80341333e+079 -1.50348676e+081
  2.19378785e+082 -3.08639538e+083  4.21880827e+084 -5.62889093e+085
  7.35170365e+086 -9.41473733e+087  1.18310491e+089 -1.45896901e+090
  1.76427038e+091 -2.08878612e+092  2.41461977e+093 -2.71333339e+094
  2.94235366e+095 -3.04055170e+096  2.92291274e+097 -2.47424565e+098
  1.54194012e+099  7.21285109e+098 -2.62030986e+101  6.41807121e+102]
ENn
[ 8.19019683e-001  8.19019683e-001  8.13368530e-001  8.57287229e-001
  3.14130287e-001  7.13609739e+000 -7.79057126e+001  9.76683306e+002
 -1.20318362e+004  1.47549830e+005 -1.79890256e+006  2.17995112e+007
 -2.62480078e+008  3.13881984e+009 -3.72584258e+010  4.38717150e+011
 -5.12024390e+012  5.91688611e+013 -6.76106591e+014  7.62604403e+015
 -8.47081797e+016  9.23574776e+017 -9.83725685e+018  1.01615143e+020
 -1.00570327e+021  9.32616539e+021 -7.71556142e+022  4.90575333e+023
 -5.00212695e+023 -5.98556436e+025  1.51340760e+027 -2.76336691e+028
  4.42824380e+029 -6.59857098e+030  9.37438203e+031 -1.28625857e+033
  1.71723792e+034 -2.24079934e+035  2.86578915e+036 -3.59793413e+037
  4.43770665e+038 -5.37744471e+039  6.39755028e+040 -7.46156737e+041
  8.50992343e+042 -9.45210813e+043  1.01570678e+045 -1.04416192e+046
  1.00567435e+047 -8.67172086e+047  5.85622815e+048 -1.06076590e+049
 -6.40387214e+050  1.73868833e+052 -3.29156291e+053  5.42089526e+054
 -8.26817461e+055  1.19935413e+057 -1.67727025e+058  2.27907702e+059
 -3.02317996e+060  3.92624800e+061 -5.00080503e+062  6.25180845e+063
 -7.67193247e+064  9.23522485e+065 -1.08887580e+067  1.25418527e+068
 -1.40524238e+069  1.52099903e+070 -1.57149224e+071  1.51535856e+072
 -1.29692057e+073  8.42856050e+073 -5.85035076e+073 -1.17607875e+076
  3.01009227e+077 -5.62568489e+078  9.24084485e+079 -1.41107831e+081
  2.05268001e+082 -2.88112738e+083  3.93069553e+084 -5.23582138e+085
  6.82812152e+086 -8.73192518e+087  1.09578566e+089 -1.34939045e+090
  1.62933133e+091 -1.92585299e+092  2.22203447e+093 -2.49112994e+094
  2.69324067e+095 -2.77122763e+096  2.64578998e+097 -2.20966665e+098
  1.32097345e+099  2.04225856e+099 -2.59988727e+101  6.15808248e+102]
Moller-Plesset partitioning:
Energy corrections:
[ 1.54944592e+00 -7.30426241e-01 -4.16658272e-03  1.34511253e-03
  1.55687487e-03  5.99223430e-04 -9.07131287e-05 -1.59084082e-04
  7.04894790e-05  1.53313377e-04  2.13145563e-05 -9.42827222e-05
 -5.57476470e-05  3.93092955e-05  5.44963428e-05 -3.40173353e-06
 -3.85043685e-05 -1.39635800e-05  2.04546413e-05  1.81533398e-05
 -6.48979127e-06 -1.52242612e-05 -1.82209106e-06  9.81174248e-06
  5.31215817e-06 -4.66437437e-06 -5.63125824e-06  9.69006291e-07
  4.35924812e-06  1.09434011e-06 -2.63860375e-06 -1.84985662e-06
  1.12441760e-06  1.77530336e-06 -8.27949019e-08 -1.30485875e-06
 -4.69749108e-07  7.47921865e-07  6.41671918e-07 -2.79888535e-07
 -5.77575290e-07 -3.13175058e-08  4.06526909e-07  1.87602550e-07
 -2.19934695e-07 -2.26025186e-07  6.89109485e-08  1.93263995e-07
  2.79976773e-08 -1.30335022e-07 -7.34982774e-08  6.59273398e-08
  8.08782559e-08 -1.56770006e-08 -6.60137604e-08 -1.52867675e-08
  4.25514555e-08  2.86278549e-08 -1.98378983e-08 -2.92893272e-08
  2.77442496e-09  2.28651086e-08  7.26162920e-09 -1.40320816e-08
 -1.11247628e-08  5.90466656e-09  1.06955484e-08 -3.44944530e-11
 -7.99064204e-09 -3.23785144e-09  4.64398431e-09  4.31679707e-09
 -1.70750471e-09 -3.92705446e-09 -3.27769745e-10  2.80663744e-09
  1.39363794e-09 -1.53366150e-09 -1.67278603e-09  4.66087386e-10
  1.44653489e-09  2.42235328e-10 -9.87675961e-10 -5.86640230e-10
  5.02410133e-10  6.47185060e-10 -1.12938791e-10 -5.33617819e-10
 -1.33747086e-10  3.47138755e-10  2.43021522e-10 -1.62350045e-10
 -2.50458413e-10  1.88766464e-11  1.95910347e-10  6.40545667e-11
 -1.24751877e-10 -1.04172766e-10  3.81098336e-11  8.07844036e-11]
MPn
[1.54944592 0.81901968 0.8148531  0.81619821 0.81775509 0.81835431
 0.8182636  0.81810451 0.818175   0.81832832 0.81834963 0.81825535
 0.8181996  0.81823891 0.81829341 0.81829    0.8182515  0.81823754
 0.81825799 0.81827614 0.81826966 0.81825443 0.81825261 0.81826242
 0.81826773 0.81826307 0.81825744 0.81825841 0.81826277 0.81826386
 0.81826122 0.81825937 0.8182605  0.81826227 0.81826219 0.81826088
 0.81826041 0.81826116 0.8182618  0.81826152 0.81826095 0.81826091
 0.81826132 0.81826151 0.81826129 0.81826106 0.81826113 0.81826132
 0.81826135 0.81826122 0.81826115 0.81826121 0.8182613  0.81826128
 0.81826121 0.8182612  0.81826124 0.81826127 0.81826125 0.81826122
 0.81826122 0.81826125 0.81826125 0.81826124 0.81826123 0.81826123
 0.81826125 0.81826125 0.81826124 0.81826123 0.81826124 0.81826124
 0.81826124 0.81826124 0.81826124 0.81826124 0.81826124 0.81826124
 0.81826124 0.81826124 0.81826124 0.81826124 0.81826124 0.81826124
 0.81826124 0.81826124 0.81826124 0.81826124 0.81826124 0.81826124
 0.81826124 0.81826124 0.81826124 0.81826124 0.81826124 0.81826124
 0.81826124 0.81826124 0.81826124 0.81826124]
[-1.15167254 -0.75691515 -0.58907748 -0.2917923  -0.10436648 -0.04062369
  0.22159589  0.26644084  0.32568917  0.60806136  0.7600206   0.81826124
  0.95445094  1.20071808  1.4676407   1.9276983 ]

ENPT for H2 at eqn. bond length 0.74
Double excited state no:
3
Epstein-Nesbet partitioning:
Energy corrections:
[ 1.88658615e+00  0.00000000e+00  4.15181016e-02  5.10213581e-04
 -9.31254554e-04 -2.96073169e-05  4.55134534e-05  1.98519504e-06
 -2.85487249e-06 -1.50663831e-07  2.02942304e-07  1.24182323e-08
 -1.55485144e-08 -1.08043141e-09  1.25175050e-09  9.74776334e-11
 -1.04364054e-10 -9.01892196e-12  8.93012999e-12  8.49673603e-13
 -7.79524483e-13 -8.11251422e-14  6.91271115e-14  7.82483135e-15
 -6.20861880e-15 -7.60740052e-16  5.63484230e-16  7.44280803e-17
 -5.15879985e-17 -7.31908805e-18  4.75770356e-18  7.22775611e-19
 -4.41516990e-19 -7.16263098e-20  4.11913752e-20  7.11910219e-21
 -3.86054231e-21 -7.09365915e-22  3.63244828e-22  7.08357970e-23
 -3.42946217e-23 -7.08671851e-24  3.24732967e-24  7.10136002e-25
 -3.08265129e-25 -7.12611407e-26  2.93267841e-26  7.15984044e-27
 -2.79516471e-27 -7.20159327e-28  2.66825609e-28  7.25057962e-29
 -2.55040803e-29 -7.30612797e-30  2.44032290e-30  7.36766413e-31
 -2.33690161e-31 -7.43469248e-32  2.23920620e-32  7.50678120e-33
 -2.14643039e-33 -7.58355061e-34  2.05787634e-34  7.66466375e-35
 -1.97293603e-35 -7.74981880e-36  1.89107637e-36  7.83874291e-37
 -1.81182705e-37 -7.93118703e-38  1.73477067e-38  8.02692175e-39
 -1.65953468e-39 -8.12573367e-40  1.58578463e-40  8.22742245e-41
 -1.51321865e-41 -8.33179829e-42  1.44156281e-42  8.43867969e-43
 -1.37056719e-43 -8.54789160e-44  1.30000268e-44  8.65926378e-45
 -1.22965813e-45 -8.77262935e-46  1.15933806e-46  8.88782354e-47
 -1.08886059e-47 -9.00468256e-48  1.01805579e-48  9.12304255e-49
 -9.46764148e-50 -9.24273871e-50  8.74835358e-51  9.36360443e-51
 -8.02127186e-52 -9.48547055e-52  7.28504543e-53  9.60816460e-53]
ENn
[1.88658615 1.88658615 1.92810425 1.92861446 1.92768321 1.9276536
 1.92769912 1.9277011  1.92769825 1.9276981  1.9276983  1.92769831
 1.9276983  1.92769829 1.9276983  1.9276983  1.9276983  1.9276983
 1.9276983  1.9276983  1.9276983  1.9276983  1.9276983  1.9276983
 1.9276983  1.9276983  1.9276983  1.9276983  1.9276983  1.9276983
 1.9276983  1.9276983  1.9276983  1.9276983  1.9276983  1.9276983
 1.9276983  1.9276983  1.9276983  1.9276983  1.9276983  1.9276983
 1.9276983  1.9276983  1.9276983  1.9276983  1.9276983  1.9276983
 1.9276983  1.9276983  1.9276983  1.9276983  1.9276983  1.9276983
 1.9276983  1.9276983  1.9276983  1.9276983  1.9276983  1.9276983
 1.9276983  1.9276983  1.9276983  1.9276983  1.9276983  1.9276983
 1.9276983  1.9276983  1.9276983  1.9276983  1.9276983  1.9276983
 1.9276983  1.9276983  1.9276983  1.9276983  1.9276983  1.9276983
 1.9276983  1.9276983  1.9276983  1.9276983  1.9276983  1.9276983
 1.9276983  1.9276983  1.9276983  1.9276983  1.9276983  1.9276983
 1.9276983  1.9276983  1.9276983  1.9276983  1.9276983  1.9276983
 1.9276983  1.9276983  1.9276983  1.9276983 ]
Moller-Plesset partitioning:
Energy corrections:
[ 2.80882393e+00 -9.22237778e-01  3.37778567e-02  6.50749523e-03
  8.37776242e-04  1.57674309e-05 -2.26895989e-05 -4.76677183e-06
  2.61779933e-07  3.73293218e-07  8.29612503e-08 -2.77455331e-09
 -6.62671753e-09 -1.67585080e-09  1.03540089e-11  1.29021504e-10
  3.62723748e-11  2.08374918e-13 -2.98728076e-12 -9.64530437e-13
 -5.85112175e-14  6.12447509e-14  2.43330677e-14  2.69996583e-15
 -1.13499530e-15 -5.74986893e-16 -8.56948836e-17  2.09820675e-17
  1.37194150e-17  2.53647594e-18 -3.61700323e-19 -3.28911989e-19
 -7.29301774e-20  5.04699129e-21  7.83697784e-21  2.04473980e-21
 -2.82116843e-23 -1.85973167e-22 -5.67243762e-23 -1.89542889e-24
  4.34212218e-24  1.55384243e-24  1.17439473e-25 -9.84824480e-26
 -4.18536322e-26 -4.76854086e-27  2.15141034e-27  1.11052872e-27
  1.66913223e-28 -4.44397949e-29 -2.90508406e-29 -5.41243349e-30
  8.32764761e-31  7.48540603e-31  1.67230029e-31 -1.26592113e-32
 -1.89730774e-32 -4.99502744e-33  7.98316238e-35  4.71852128e-34
  1.45369609e-34  4.79395540e-36 -1.14644002e-35 -4.13956275e-36
 -3.12095886e-37  2.70401963e-37  1.15629062e-37  1.31733512e-38
 -6.12751516e-39 -3.17255686e-39 -4.77425483e-40  1.30925478e-40
  8.55401713e-41  1.59633501e-41 -2.53630779e-42 -2.26563525e-42
 -5.07051633e-43  4.00196072e-44  5.88768974e-44  1.55253092e-44
 -2.80885826e-46 -1.49781024e-45 -4.61986671e-46 -1.45715613e-47
  3.71638292e-47  1.34248860e-47  9.98639015e-49 -8.94011958e-49
 -3.82056861e-49 -4.32522331e-50  2.06432910e-50  1.06651681e-50
  1.59928415e-51 -4.49299972e-52 -2.92212023e-52 -5.44086661e-53
  8.87462797e-54  7.85641982e-54  1.75528916e-54 -1.43588940e-55]
MPn
[2.80882393 1.88658615 1.92036401 1.9268715  1.92770928 1.92772505
 1.92770236 1.92769759 1.92769785 1.92769822 1.92769831 1.9276983
 1.9276983  1.9276983  1.9276983  1.9276983  1.9276983  1.9276983
 1.9276983  1.9276983  1.9276983  1.9276983  1.9276983  1.9276983
 1.9276983  1.9276983  1.9276983  1.9276983  1.9276983  1.9276983
 1.9276983  1.9276983  1.9276983  1.9276983  1.9276983  1.9276983
 1.9276983  1.9276983  1.9276983  1.9276983  1.9276983  1.9276983
 1.9276983  1.9276983  1.9276983  1.9276983  1.9276983  1.9276983
 1.9276983  1.9276983  1.9276983  1.9276983  1.9276983  1.9276983
 1.9276983  1.9276983  1.9276983  1.9276983  1.9276983  1.9276983
 1.9276983  1.9276983  1.9276983  1.9276983  1.9276983  1.9276983
 1.9276983  1.9276983  1.9276983  1.9276983  1.9276983  1.9276983
 1.9276983  1.9276983  1.9276983  1.9276983  1.9276983  1.9276983
 1.9276983  1.9276983  1.9276983  1.9276983  1.9276983  1.9276983
 1.9276983  1.9276983  1.9276983  1.9276983  1.9276983  1.9276983
 1.9276983  1.9276983  1.9276983  1.9276983  1.9276983  1.9276983
 1.9276983  1.9276983  1.9276983  1.9276983 ]
[-1.15167254 -0.75691515 -0.58907748 -0.2917923  -0.10436648 -0.04062369
  0.22159589  0.26644084  0.32568917  0.60806136  0.7600206   0.81826124
  0.95445094  1.20071808  1.4676407   1.9276983 ]
